1000505412
1004527866
1004642759
1007016933
1007111103
1007694369
1008533250
1011024260
1011494911
1012414569
1013169297
1013230365
1013403522
1015530725
1016054013
1016680090
1018212946
1020428779
1021272254
1022692390
1024125953
1025970481
1027348401
1030643964
1033043494
1040489394
1043975947
1044744702
1045169084
1047842114
1048624198
1048939311
1050845434
1052122795
1052662569
1052933291
1054780398
1054914523
1057049955
1060841090
1061378121
1061482915
1065023569
1065342750
1066997698
1067517331
1068519717
1070251418
1072289815
1075616051
1079660838
1079729592
1080128923
1081493716
1081683165
1085077750
1086120354
1089578526
1090695209
1092619214
1093355266
1097501441
1099419611
1099480337
1100487565
1103223685
1104423055
1109418689
1110527522
1110948243
1111969553
1113612490
1117099268
1120689020
1123494693
1123711904
1125205651
1125325675
1128908602
1131392690
1131562450
1135449765
1135775425
1140420378
1143088043
1146485450
1149649089
1152571362
1154641617
1157129845
1157793558
1159990246
1160154318
1164727968
1167160032
1171478867
1171658892
1171828029
1172420758
1174078512
1175755902
1176033697
1179036849
1180331804
1182160425
1184194539
1184590932
1185448248
1185800596
1186471173
1187872175
1193299870
1195003693
1197514330
1202016440
1203338105
1204375312
1206712290
1209081812
1215410913
1216060326
1224058150
1226144829
1226822133
1232785055
1232984280
1236004658
1236107509
1238416699
1240306554
1243547158
1245141517
1245592989
1246405649
1246747416
1248747361
1248840552
1253609748
1254126790
1254246452
1255015764
1255508683
1260829212
1262591055
1262613726
1264227687
1267324345
1270261001
1274969686
1282630229
1283545099
1284096051
1286716451
1287263599
1289961417
1290435864
1293541571
1297570965
1302459495
1304764687
1304774481
1306031192
1307392183
1309891666
1310181979
1312803303
1313018397
1315598406
1315921936
1319507163
1321440092
1323544543
1326340809
1326412585
1326549110
1339316924
1340643981
1341344466
1342809850
1343640358
1345872866
1346113596
1353188855
1353528181
1356075115
1356730547
1359120085
1359420034
1360160458
1364420524
1364437540
1365814519
1372942538
1373854736
1380868108
1381511494
1383413334
1384495091
1386219665
1387460358
1393174163
1395395562
1396095440
1398897024
1415388927
1416197985
1417123734
1417693626
1419243566
1420344077
1424975842
1425265411
1425332122
1425447033
1426152032
1427935519
1431524582
1432921433
1434953044
1436413499
1437778956
1437858472
1438736631
1440144629
1441087842
1441428934
1442182452
1442292459
1442675259
1443336387
1443454840
1452605482
1453628446
1453682666
1453766653
1454457510
1455959432
1456632201
1456848430
1461301447
1467609057
1469564449
1469752710
1470896967
1471458008
1471688618
1471862548
1473215419
1476746527
1484140786
1485222363
1487198460
1491487261
1498358437
1498697152
1501298706
1502389496
1503455574
1503485053
1503827130
1506162735
1509918848
1514730674
1518877286
1519064488
1520987040
1533586190
1542992145
1544870309
1546503235
1548281151
1548804430
1549089723
1558121147
1561961393
1569312386
1571627493
1576264642
1577800311
1582358371
1584650017
1595458118
1595550986
1595939083
1599329608
1600632517
1602589365
1603265837
1603620124
1604307508
1618651034
1619250066
1622730101
1624820740
1632136587
1634422259
1636225051
1637151018
1637544243
1643421807
1643505712
1644176631
1645629734
1648955221
1650171540
1650421054
1651049179
1652460780
1655789168
1659137630
1660367339
1660554927
1666595139
1668112035
1668897979
1669537555
1669581515
1670875832
1672171625
1672235883
1674250633
1674375720
1674584365
167485031
1676267305
1680903412
1681480323
1683383685
1687458610
1688017997
1689402527
1690689767
1698715528
1700514706
1701333369
1702253171
1703275967
1707911494
1709228776
1712847160
1716409784
1718843908
1720366001
1721036613
1727092702
1729636106
1732050749
1733891969
1742631775
1748798845
1753658991
1758939433
1760580179
1761031125
1761864294
1767496195
1768537714
1770235934
1772202180
1772497675
1774893875
1775129137
1780145825
1788698772
1790212197
1790302674
1792871577
1793269168
1794475187
1795064447
1796020882
1796853360
1799898969
1802318929
1806982638
1809194540
1811869821
1826698198
1829137188
1829261969
1829507787
1835085942
1836529675
1840065247
1841345437
1844480130
1849011123
1849789316
1849827620
1850237646
1851255175
1852273755
1852596156
1852962910
1855613253
1855698138
1861801327
1862938162
1863528594
1865587568
1873826104
1874504414
1876524306
1879236625
1883923496
1887715471
1888874854
1892747526
1893871573
1894666915
1895149028
1895417875
1900894382
1902609178
1903834486
1908303966
1908314221
1908644430
1910155295
1916558780
1917708212
1920786806
1923216602
1923803714
1924871984
1925193213
1926142651
1930173030
1931934397
1947232523
1948986364
1955516991
1956151387
1960398998
1965604660
1965922114
1967478847
1967505894
1969436518
1970414790
1974036120
1975718404
1980357037
1981077378
1982887881
1982906466
1983886085
1983994450
1984606319
1986628493
1986807505
1987242592
1988602436
1990404486
1991182480
1993303679
1995438513
1999752532
2003791432
2007095293
2009651624
2010177572
2010931201
2011757890
2016725231
2019566981
2020316324
2021866922
2023403554
2024218259
2038435537
2038608123
2039400499
2039568170
2046804957
2048430355
2052759821
2054468329
2056013953
2063247433
2067717991
2067835552
2069639030
2079016254
2079474072
2080931847
2083076636
2085229710
2088851824
2090550243
2096533806
2096838096
2096950163
2102620644
2109073222
2110754591
2111805024
2114030613
2115541063
2116389196
2119413831
2122615054
2123758977
2124027986
2125205935
2126802822
2127518790
2128911416
2130770884
2133039867
2133115625
2133271791
2133542924
2135122569
2135501041
2135953594
2140319063
2141505516
2141942381
2143863807
216066921
217080022
21767586
242094900
276106408
292250001
298534502
300665412
315397570
339939227
341754091
357563882
366394022
368106516
377117176
385935198
391968158
398252777
401974379
404824505
411106609
411203179
416323095
419084286
421169608
426394598
426716009
434921271
438065606
441819482
442603849
446222596
450174071
451253389
455560910
463314739
472320845
474159364
475917743
478572502
482253591
488579101
5000729271
5000917005
5007239293
500764683
5008351472
5013669605
5016614058
5024657264
5028181965
5029846151
5030934974
5030938936
5031792716
5033723362
5035125723
5036028959
5039046174
5039806882
5041369244
5042366423
5045036815
5046054224
5046174419
5048658472
5051401607
5056032913
5057359951
5058183335
5060187702
5060705839
5061456384
5066429675
5069054852
5069860691
5070140510
5070756174
5074836102
507687837
5077072206
5077548920
5081233440
5085231373
5087835742
5089055340
5089089929
5089173966
5089637596
5090286256
5092976144
5093740816
5100185053
510024978
5100615978
5101550866
5101660893
5103470574
5105511193
5107310968
5108773458
5110747495
5113055661
5115307080
5116254368
5119906259
5120677079
5121982852
5122615966
5126993941
5128473616
5128766921
5131267692
5134255796
5137194552
5140517049
5141235313
5142670671
5143290431
5144205819
5145773542
5148889081
5149090272
5150023096
5150084266
515208585
5153288573
5153737902
5155070730
5157207889
5157816007
5158158459
5160135409
5160593880
5160977337
5161582487
5166508570
5166708049
5167503482
5168701842
5169659950
5170195408
5170596137
5172488412
5173778779
5174736120
5174976053
5177668474
5180235550
5180330797
5182708751
5184570467
5188027412
5190057879
5190526274
5191073334
5191610133
5191899351
5193753066
5193841666
5196684779
5196883392
519997163
5200999774
5201198070
5203556641
5204695032
5205442265
5207442844
5211126819
5211216855
5213297972
5213431116
5215026496
5215965460
5216498331
5218216382
5219233645
5220742944
5224699602
5227157489
5228391015
5230811294
5231640874
5232074234
5232083479
5232312643
5232531884
5233860477
5234977824
5235289699
5237866171
5238412473
5239176084
5239818953
5240108581
5242059484
5242214212
5243282908
5245295662
5249629582
5250451905
5252127823
5253172847
5253785468
5254174917
5256201951
5257447730
5258066012
5261340062
5262444052
5263616521
5266000147
5267912867
526976059
5273440338
5274115457
5275887491
5275989423
5278012397
5278857214
5278886978
5279577427
5281002555
5281115730
5281378842
5282168366
528304030
5283771190
528532867
5286197015
5292010160
5292112549
5294973651
5295729816
5295762091
5296824957
5297103511
5298109879
5299584227
5300825150
5301758310
5304650474
5304803883
5304946147
5307860202
5312736659
5313468195
5316365707
5316960011
5317517459
5318507787
5319413871
5320639536
5322316651
5322630652
5322673531
5323741643
5325665109
5328494723
5329252124
5331307658
5334340487
5335752721
5336721533
5337866966
5338584240
5338975972
5341109094
534123007
5341399272
5343136736
5348415906
5348935641
5350420180
535126443
5352859624
5354849995
5358450869
535924412
5361009342
5361567084
5375494847
5375857610
5376743665
5376880384
5376892392
5377376261
5379055165
5384060335
5384252739
5387821435
5388541204
5391080624
5391524244
5391568284
5394641787
5394646474
5397879836
5400609847
5401458261
5404944260
5407787715
5407873105
5408984076
5409075322
5411106448
5413131596
5413670874
5414261528
5414504176
5415839955
5416985020
5424279777
5425340711
5426336953
5430146025
5434521052
5438133427
5439028812
5441076710
5441109727
5447399917
5450487176
5450817885
5451535130
545242220
5452749314
5454115012
5455544965
5459478859
5459544860
5459971313
5462128410
5466505203
5469169266
5471871364
5481199734
5486335016
5489561225
5490114219
5490392583
5494932985
5496418711
5501105286
5501787038
5504842285
5506124649
5509084327
5509784941
5515182358
5517005941
5517339523
5517361949
5518229546
5520313079
5522271858
5524122881
5524636513
552991638
5529976592
5536232165
5542214970
5542628749
5544819442
554702263
5551632031
5556864477
5556876270
5557268564
5559225784
5559292405
5564368322
5566478412
5566960473
5568279033
5571070382
5573506539
5573739899
5574443417
5576207635
5576241234
5577284383
558177993
5588857788
5594023097
5594644561
5604625075
5605357467
5607304414
5609341882
5609714427
5609756661
5610214182
561177704
5613819532
5615069705
5617752479
5620215879
5620807054
5620855012
5621046817
5621552716
5622267053
5623516516
5627528164
5627619198
5629425217
5629475765
5629992658
5632976206
5634387293
5638936408
5639305868
5639680466
5641943553
5644896892
5646004260
5650607933
5650941944
5657589434
5658464669
5660409818
5660970764
5662655496
5664869680
5669390718
5670231046
5672472853
5673704289
5684838399
5689131690
5691221494
5694521720
5695903173
5696919629
5698528228
5700918998
5702744264
5703748471
5705208551
5705711854
5709547793
570954979
5713158607
5713857624
5714730972
571820184
5720982228
5727278188
5727637155
5727681237
5727809650
572821502
5734670107
5736846648
5737034622
5737646217
5738516091
5738669672
5749005771
5752784060
5753880812
5754089514
5755455187
5759681412
5761544052
5764806518
5766849013
5767298959
576867117
5769110188
5771081040
5771413603
5773651392
5776477192
5780443193
5783515453
5784660991
5784832201
5785254745
5787922591
5788036998
5789193365
5789608717
5790487032
5793813386
5794188895
5798180495
5800352651
5803289364
5806168759
5806602543
5808002278
5808237546
5808257781
5811079050
5811232026
5818680300
5823362014
5824626212
5828866184
5830108213
5831715109
5832549753
5834156325
5834248497
5834531042
5835055715
5851448040
5851463646
5852371430
5854952751
5857813374
5860004955
586015997
5861764935
5864303653
5868349384
5869517210
5870785936
5871450920
5873004043
5876104353
5886379705
5886780036
5886845076
5889781885
5890469459
5891084695
5892585477
5893287707
5893447412
5894089802
589703818
5898084954
5898607252
589943366
5902495104
5902549468
5904224541
5905318427
5907093220
5908074217
5908974997
5912440292
5913408473
5915594709
5916020461
5916309386
5917958094
5919585816
5920843837
5921382094
5923164846
5925487665
5926047575
5928034528
5929793624
5931735127
5931771376
5933110432
5938931603
5942487214
5942834844
5944069662
5945320191
5947343336
5949915478
595120103
5952163953
5952847649
5953382586
5953687785
5954407909
5957612487
5958445615
5959339820
5960109573
5964360100
5964412807
5965480828
5966175458
5966539072
5968726019
5969114506
5969680809
5970230959
597389959
5976324337
5977712731
5978015401
5979604904
5982317087
598557332
5985672419
5985919652
5992071143
5996118066
5998252678
6000351701
6002940812
6004076053
6004359599
6005239744
6006195037
6007927884
6008746623
6010896961
6014772186
6015955749
6018297141
6019572397
6021549945
6021653285
6024995051
6026126008
6027045182
6027085685
6028181387
6030602656
6030967603
6032429141
603298626
6033143288
6034824167
6034841524
6035755681
6039897232
6040371893
6041966879
6042061160
6043107350
6044993027
6045899208
6047266922
6048202653
6048286123
6048357122
6050909556
6051524019
6051892185
6053868745
6057051689
6057352013
6058270033
6060207942
6061537220
6063000758
6063782644
6064331559
6067824751
6067864570
6070620754
6073430259
6073786236
6075079573
6076084193
6079812833
6080363765
6080501274
6087478428
6089387883
6089606071
6090358980
6092932186
6092952136
6093806385
6095437144
6096829396
6096973058
6101436598
6106063270
6108376656
6117758852
6119963860
6121035155
6121276852
6123612834
6124315056
6129193281
6129705181
6131397855
6134055802
6137126022
6138516788
6139775287
6140334487
6141035831
6144607217
6144758524
6145496024
6146773202
6148229550
6150142686
6150640006
6152273724
6155337509
6156451412
6158873686
6160755575
6161463872
6165173995
6167214093
6168213877
6171130781
6177053715
6180840007
6182222441
6183111425
6183609020
6183915771
6187721521
618825958
6188947608
6191642989
6192831415
6194061190
6195073073
6198220465
6199775106
6200054321
6201429659
6201476427
6202916799
6202963133
6204568477
6206118750
6206203759
6208012851
6208189574
6208353090
6210420326
6213082520
6213739482
621493659
6225137740
6225814648
6227186183
6227196960
6227292006
622915501
6229432697
6230544120
6230941001
6234250504
623650618
6239156746
6239348321
6239984934
6242170917
6244241051
624519621
624802507
6249595665
6249765009
6251614528
6251639428
6251925501
6254982814
6256115622
6260468251
6262171316
6262791150
6264630753
6266153822
6266646547
6266705302
6275657217
6275868576
6276048513
6279768850
6284263239
6285209089
6286675509
6286997878
6289589830
6292557369
6293018302
6295425340
6295812747
6297144595
6297451215
6297699260
6298857902
6300811211
6307167365
6309004645
6310696213
6312298685
6312678625
6313426472
6314601879
6317440031
6317984931
6325861229
6329448192
6329885210
6332466928
6332563532
6332877423
6333368646
6334912968
6337075348
633779524
6337843141
6339502674
6339986705
6340042989
6341191585
634197960
6343860399
6345697431
6349867820
6352871173
6354641085
6356364027
6357920002
6360834501
6363823106
636409290
6366338853
6367209890
6368123255
6369287921
6369396157
6369720146
6370877417
6372583303
6374948109
6377772684
6386157161
6387673600
6387933046
6389416003
6389822168
6391863671
6392026016
6392042537
6398037482
6400859215
6401384499
6405588340
6406886310
6407555609
6410740322
6415750026
6419804004
6421104610
6421930222
6422087611
6424021485
6425227634
642529127
6431735009
6434252754
6436700485
6438134268
6439573255
6440182761
6440586124
6441220558
6443822103
6446001690
6446773788
6447680073
6449180362
6452100020
6452639937
6456897426
6457378669
6460300151
6462455676
6467795486
6468645139
6468982539
6470111938
6473855720
6473896819
6474567621
6478123450
6480382498
6482709959
6483004316
6485240396
6485551002
6486866501
6487429570
6488523419
6489964850
6489965040
6490590805
6491846492
6495429140
6496016965
6498701003
6500266705
6500670601
6501142789
6501543567
6502683846
6503768279
6504594312
6505344949
6505473155
6506762244
6507133643
6507572463
6508676285
650980015
6510179307
6510936634
6512493731
6514300229
6517955486
6517977915
6519498421
6525639855
6526978915
6530843759
6531271729
6531976651
6532771146
6532905399
653290592
6533379401
6534509315
6535308272
6536691945
653927828
6541950158
6547564410
6550309740
6553136749
6555892017
6557619568
6558382094
6559808228
6560647190
6564068269
6565284916
6566725119
6567747604
6568428493
6568873495
6570253565
6570269485
657352410
6574317599
6575979518
6579862283
6581983601
6583527535
6585115227
6586907300
658825684
6590683445
6590885004
6592623382
6593772342
6595242531
6601747361
6604356592
6604718391
6606290103
6607328850
6608203146
660932752
6612206127
6614636267
6614859584
6615264994
6615275665
6617526837
6617722613
6618943163
6626361374
6628971287
662961411
6629645419
6630959314
6635833598
6639760378
6641579128
6643220570
6646435321
6647369885
6648943811
6650818811
6653602446
6657711566
6660021593
6667785718
6670227866
6670941891
6671031286
6671793632
6672150806
6676400986
6678368415
6679661002
6679742451
6679950821
6682675195
6685879943
6686456966
6693896536
6694107146
6697531946
6698679565
6701539841
6706731695
6708528557
670918503
6711403107
6712810537
6716468705
6719039194
6720453256
6720908597
6724339412
6724487919
6729399891
6731756844
6731774579
6732858110
6737737821
6737813743
6738314753
6738344779
6739858845
6740691725
6742416282
6743143536
6744477623
6745900005
6750000459
6750306269
6752228542
6752648969
6753523545
6753954162
6754213121
6757677693
6762243409
6762534290
6762612768
6763160175
6764398159
6764924581
676684901
6768534128
6774347103
677477915
6776033651
6783245068
6784767411
6785850501
6790825818
6791029253
6793317134
6796841604
6797517143
6798623658
6800637991
6802954855
680307065
6803240403
6803572418
6803905517
6808563049
6811905062
6812566819
6816623161
6822653249
6824220557
6827202787
6827251885
6828661096
6831984259
6834093370
6834794663
6840194018
6842259056
6845711527
6847638949
684957236
6850485470
6850513047
6852701334
6853278306
6853451252
6855607325
6856678230
6859156539
6859547605
6861335894
6865221764
6865766182
6865811675
6866375636
6869495429
6870386145
6871299856
6871449858
6873603470
6878669164
6883089225
6884222184
6884764574
6885895211
6886518106
6893154276
6895953141
6898370149
6901816354
6902851474
6905815027
6909484298
690960543
6912314790
6913290456
691943631
6922123555
6922350975
6922618528
6923222036
6925940908
6926285674
6927807057
6929084767
6931355004
6932903138
6934325080
6934480394
6934727848
6934930730
6935203208
6935733789
6936778088
6939108400
6939831506
6939978491
6940825904
6942604195
6942975451
6944379872
6948599727
6949112544
6949860429
695023920
6950654146
6952542861
6953606671
6953849027
695425553
6954396829
6957278470
6959834568
6962794953
6963421072
6965232943
6966376381
6971317844
6972501294
6972763633
697672157
6977604147
6981632968
6983255529
6985105975
6985191207
6985998052
6986608598
6987332289
6987872200
6990882725
6991675908
6991847613
6993553706
6995036728
6995054423
6995967237
6995997127
7007075176
7007200738
7009230967
7019732321
7021849675
7021948069
7022981575
7023349569
702506607
702559682
7028065251
7029160520
7029880368
7034035724
7034252069
7035759088
7036050846
7038538820
7038635253
7044677467
7045883191
7046524609
7047044083
7049989724
705169218
7052290487
7052384216
7054750531
7056984944
7058635631
7060502699
706083074
7062630452
7063684856
7063757772
7063769002
706402049
706476457
7067239803
7068150705
7069951580
7075304142
7075683718
7077255112
7077408954
7077413289
7078556946
7080717964
7081029255
7084464946
7084761857
7087540473
7089024007
7093060737
7094508482
7095238241
7101055241
7103040817
7103514349
7103815150
7104501155
7104603925
7105081252
7105285470
7107376524
711002067
7110715705
7112098625
7115339775
7115938163
7116751902
7118222630
7119075248
7119159164
7123824138
7126625777
7127628109
712801132
7128131530
7129546768
7130588092
7132609269
7135712373
7136217348
713948236
7140570472
7143901392
7145043222
7145522557
7146264147
7146523905
7146969154
7148346641
7149385199
7151821267
7154952689
7155164339
715758782
7157988641
7158284815
7158731391
7159353530
7161248570
7162274494
716290129
716741968
7168282421
7171326129
7174237984
7174258398
7177154676
7178479739
7179617769
7182172921
7184286790
7184594398
7184976910
7186014364
7188346997
7190287289
7190366847
7190890693
7194145568
7196924869
7197203003
7197769640
7198301144
7198520854
720202992
7206207798
720708002
7210639872
7211078397
7211414026
7215710375
7217178913
7218206549
7218358223
7221690839
7221988119
7223884362
7224662102
7226816042
7228328461
7229721134
7233180007
7235418744
7235552881
7235609400
7236200665
7236891321
7237490190
7239488807
7240387221
724142656
7250868162
7252123474
7252684378
7252726594
7256393224
7257092075
7257472884
7257823429
7258711828
7258897495
7262059517
7263983943
7266502189
7268413424
7269000106
7269308263
7270279045
7272052249
7273151616
7275609207
7276907556
7280734135
7281595205
7281966268
7283592828
7285077309
7286017405
7290086485
7290998008
7292981476
7297658813
7297744046
7298556159
7299189083
7301116132
7304799735
7305514203
7305844401
7306194249
7306312757
7309745741
7309925173
7311315216
7312737856
7313321030
7314584118
7314787858
7316188140
731783278
7318748265
7319479765
7323932811
7323994200
7324263293
7328293362
7334617198
7336231114
7338496209
7342362227
7343040431
7343474718
7346525247
7348581257
7350802517
735230891
7354352784
7358862845
7359726248
7364423707
7365665196
7367156872
7367541243
7367775841
7371706003
7372020370
7372963758
7373410670
7378098766
7379967893
7380593091
7383211990
7384174323
7384439534
738533733
738743918
7387976302
7388016486
7388279991
7390361946
7391108687
7392882026
7392957844
7393798561
7397371858
7401685966
7403830267
7405080847
7406659483
7407822541
7409321702
7412894708
7413271326
7414295966
7415381188
7415748160
7417170661
7422134304
7422356136
7426971961
7430068596
7430349087
7430705020
7430868015
7435284698
7435319436
7438285122
7441216789
7441753198
7442079472
7445638355
7447707323
744810852
7449283190
745152809
7452743769
7453541151
7454455514
745831591
7458918341
7461475726
7461825386
7462757929
746512642
7466920189
7469208436
7470094006
7472113892
7472644669
7473912797
7474174607
7476091843
7476163516
7476844106
7477476474
7482284857
7484896377
7489806932
7490372201
749316532
7493568839
7494887227
7496498432
7496593147
7499710916
7500997411
7501753528
7503800085
7503865208
7505012158
7506012380
7507176335
7507964707
7509222337
7513250326
7515667120
7516404186
7516894391
7518589064
7519254609
7520433218
7522343199
7523186737
7524586041
7527401982
7528029146
7531130943
7535235455
7538714214
7541986653
7542331816
7544178320
7546745531
7547134127
7549192965
7549992066
7550892317
755165863
755219809
7552540424
7554433497
7555156600
7556042795
7556740579
7557074487
755754468
7557710719
7558837224
7561704742
7564705666
7566231888
7566785674
7567799446
7568155823
7571727123
7572298348
7572379704
7573471771
757436285
7574492999
7575642779
7575990690
757681663
7577594579
7579698012
7579721375
7581423560
7581942293
7584336914
7588188070
7588560377
7589636710
7590006432
7590070997
7590984980
7592265015
7593038278
7594852252
7595075262
7595194437
7595359624
7596043557
7596924715
7597061435
7597937578
7598703183
7599422736
7599476314
7604401353
7606001150
7607286500
7608306468
7609827028
7610368309
7613189303
7614203358
7614583414
7615409625
7618010001
7623281925
7623968706
7624249031
7625820194
7629783183
7629911784
7630583654
7631869886
7633022296
7633871889
7638602796
7638882830
7644084617
7647122424
7647974408
7648778378
764890498
7649135714
7654837454
7658715978
7659314537
7659685135
7660506903
7661902263
7662803217
7663008566
7663759363
7664238594
7664275194
7664931772
7666896681
7673954513
7674151955
7674981895
7676253093
7679008953
7679162106
7681109222
7681821143
7682466043
7682728424
7687341134
7687893536
768829973
7690664041
7695136736
7696297399
7697096046
7697405743
7698429856
7698712829
7699462940
7699780788
7700101429
7700158832
7703154538
7704355274
7705567720
7706318384
7707401174
770803945
7708891103
7710610135
7712449861
7716233711
7718722679
7719216876
7721392039
7723400855
7726218502
7726475499
7726912951
7727945107
7728375545
7729218506
7729580160
7732462617
7732543338
7733548728
7733559379
7734165527
7734306609
7734933671
7736849854
7737579931
7739162076
7741011787
7741805359
7742578007
7744131188
7744174640
7745611508
7745630188
7746708719
7746726825
7746990850
7748033258
7755124509
7757198227
7759152103
7759918190
7762773927
7764275782
7766137997
7766446551
7769586644
7771024975
7772567047
7773697343
777431710
7774647805
7776117178
7776497321
7777327351
7777482393
777751897
7778047167
7779461702
7781376395
7781866337
7782949638
7787319085
7788915622
7789095221
7791810750
7793295583
7793470029
7793964849
7794443703
7796680305
7798641296
7800736781
7800775763
7801897011
7803921107
780458526
7804880672
7804947652
7806717526
7806993198
7807288813
7808865358
7809233511
7811087595
7811604016
7816971044
7817782348
7817946378
7818914531
7819135994
7820188195
7821794698
7823107377
7826027549
7826189234
7826465153
7827991713
7829392518
7831919079
7834065437
7837044413
7837956694
7839660258
7840145261
7843167235
7844766898
7845234212
7848424177
7848674632
7849464935
7850627745
7852750040
7854596837
7857217153
7857948441
7858426528
7859351278
785943993
7860290048
7860330921
7860864853
7862155860
7862177368
7862642964
7862703915
7864943297
7867528181
7868237165
7869775012
7870787870
7871147282
7871954884
7873626744
7873857348
7874925614
7875193170
7876169343
7880549005
7881523811
7881940262
7882719517
7883529259
7886222015
7893469385
7894740058
7895443146
7896143137
790065965
7900855813
7902048654
7902378641
7903074813
7904472183
7904479571
7905190938
7907163430
7910243141
7911220555
7911224999
7913580203
7913941824
7916641917
7917210352
7917324131
7919884596
7922870176
7923977793
7924516206
792528221
7925488175
7925764848
792630869
7927566941
7927676061
7927784713
7928115238
7928206475
7931849082
7931941072
7932908241
7935935331
7936334097
7936416196
7936610243
7936953457
7937131428
7937323301
7937703884
793784101
7939458679
7941571803
7941614695
7943716699
7947492386
7949352869
7949795966
7950187627
7952432348
7954257921
7955959241
7960336950
7960896498
7961023248
7962040457
7962753976
7963079888
7963901450
7964864300
796593857
7966518995
7970796050
7972332353
7976354395
7980133364
7986606170
7986986552
798783050
7988271934
7988286512
7988294492
7988376372
7988482267
7994662509
7997205106
7997547227
7998333693
8000107588
8004322024
8004590166
8005180209
8005620647
8007814165
8007831609
8008024221
8008212327
8009485840
8010771407
8010773082
8012834480
8018266696
8018495350
8018635974
8020392579
8020552749
8022501547
8025058249
8028115464
8028824936
8029291489
8030395607
8031213938
803218760
8033539015
8035672601
8037392044
8041001171
8041864586
8043394791
8043871123
8043909003
8045711230
8045765982
8046874083
8048970953
8049270346
8051341935
8051728813
8052929423
8053507747
8053825440
8055339003
8056081481
8057519039
8057887930
8058022027
8059811802
8060296105
8060589214
8063546554
8063550266
8065667155
8066741430
8069559587
8071277497
8072206013
807227952
8072434932
8072546466
8073136497
8077305193
8077327658
8078684963
8081359855
8085502784
8087508696
8087517549
8092227737
8092253699
8093683278
8094754994
8096187745
8100599499
8101034386
8101143928
8102830861
8103070668
8103595423
8103714256
8105481188
8106709139
8106944627
8110238430
8112618375
8114069219
8115986739
8117862087
8117955539
8121073309
812147685
812174472
8122556666
8122693108
8123507598
8124300520
8125419262
8128117529
8129188341
8129517472
8137807524
8138429203
8139403810
814021364
8141082608
8141176324
8142308442
8143728391
8143817064
8145530274
8145679394
8145703613
814600859
8147832512
8149759875
8151703487
8152505692
8153003098
8155449767
8157593007
8158000762
8160600573
816197085
8162067351
8162925264
8163520689
8166441575
8170317595
8171937903
8172162613
8179739762
8180026418
8181671450
8183129453
8183216212
8185951849
8186035706
8186536765
818885328
8189472617
8190531893
8191325559
8191799200
8192388397
8193859788
819403143
8196940370
8198143080
8200125695
8200816881
8201814111
820324655
8204675673
8204932542
8205412190
820566377
8206380264
8206469787
8207029008
8209791909
8211759783
8213057426
8214246929
8217468920
8220458507
8223794578
8224885091
8226131395
8227661867
8227893886
8229233233
8229704680
8229945326
8231630710
8234803855
8235288179
8240385910
8240710632
824725002
8248447172
8248676426
8250517358
8250913090
8251350152
825402369
8254198219
8255723202
825644960
8260388705
8260450295
8263585063
8267894212
8269151155
8269161613
8274831598
8275570441
8275585351
8279003662
8279428551
828258147
8283732505
8284916212
8286098597
8289176449
8290584199
8291301664
8291495235
8294072457
8296376665
8301305991
8302309213
8302735451
8302886648
8304552333
8304701149
8308500201
8308642890
8310054839
8311712444
8311851848
8312843328
8313167504
8314701441
8316324427
8318135292
832011118
8322576590
8324986482
8325194047
8325558916
8326846634
8327741060
8332239937
8334878698
8338591292
8338991001
833953043
8340660803
8342501826
8343103935
8343616888
8344510545
8344519444
8346093561
8346102876
8348356636
8348534927
8349206042
8349308751
8350144997
8356017015
8356439143
8356648847
8357538651
8357619614
8358029727
8358495179
835855294
8360583577
8361206301
8364045503
8365162628
8365446845
8366292700
8368981187
8373103806
8373650482
8376983955
8379714239
8380304828
8385076382
8387949286
8389123264
8390417595
8390551599
8391894286
8392888133
8393095032
8393527978
839536879
8398152029
8399104579
8400129871
8401028430
8401734496
8402540237
8406204790
8407726481
8407915777
8408855251
8410001999
8410012186
8413972962
8415573048
8415822463
841976309
8419977924
8420092444
8420720965
842119903
8423437849
8424266865
8426355783
8426393383
8428165688
8430027321
8431778180
8434189051
8434200484
8435251887
8435411950
8438106796
8438852350
8440465516
8441738969
8449666679
8452281462
8452788826
8453065802
8454754241
8458238881
8458589944
8458596962
8460650195
8463576367
8464245727
8466024286
8467495820
8469443446
8470375741
8471361718
8472831595
8473173558
8473555956
8475371667
8476739413
8477122941
8479539804
8481604432
8483437578
8486151562
8487340176
848822073
8488863880
8490773982
849165137
8491774048
849195458
8492455555
8496635507
8500570129
8504221980
8506270912
8506709626
8508508425
8510051138
8510922668
8511645412
8512126231
8512937713
8517141998
8518885565
8520773157
8529820762
8531147699
8532115466
8534668174
8535400923
8536753615
8536965517
8538906632
8539330061
8539583684
8541705201
8541853719
8542151374
8542716779
8544407727
8544930913
8546418752
8547698249
8548336080
8548453292
8549850964
8552762962
8552820024
8553437055
8554769336
8555090823
8558485986
8558508966
8558818365
8561482624
8561515425
8563293096
8564544695
8565245866
8565387292
856630440
8567718656
8568331316
8573013167
8576088691
8576923605
8577041592
8580479868
8581412671
8585530480
8585625994
8585879197
8588021345
8588061913
8588333625
858995235
8592900135
8593156844
8596146105
8596147314
8597243497
8599348416
8599887106
860289579
860665429
861163563
863215803
866059418
868317691
872388568
876711313
879320252
879694034
880639950
882071727
882155163
895826372
895943551
899472329
902263107
903530628
904045566
905420288
905891207
906313205
908572338
910193154
911591161
912297391
912666256
914578129
915935687
916431559
917886216
924830369
927336122
929781071
931303541
933446814
934961598
940580498
940757052
942212642
944874433
948539883
949351007
950593129
953086772
954111522
956865037
965077675
965236253
966331385
970523569
970748521
971596773
971718861
971739450
971765417
973850199
974506543
976170114
977262391
978109832
980969512
98300312
983500207
985662541
986114370
987132325
990873970
993537297
995795540
996514593
996914174
999810879
